114,126,-14,121,126,96,102,-29,155,24,1
-4,-30,-12,-1,-4,1,-33,-26,-35,-18,2
119,-28,129,116,120,88,-12,177,205,42,3
90,100,-12,2,104,62,73,-29,-17,22,4
126,84,130,121,126,92,90,168,217,48,5
102,95,-9,108,118,78,79,-11,137,32,1
-1,-30,-14,-1,-4,1,-29,-31,-40,-18,2
119,-25,123,112,116,86,-14,174,205,50,3
98,113,-12,5,103,69,77,-26,-5,32,4
102,81,136,108,115,78,77,180,202,42,5
101,84,-7,110,118,75,85,-11,142,38,1
-2,-25,-13,-1,-3,2,4,-26,-35,-20,2
99,-23,138,110,114,78,-2,191,195,44,3
85,106,-11,3,101,61,83,-29,-17,28,4
121,-23,137,119,124,90,14,185,192,40,5
101,108,-12,1,104,70,71,-29,-15,26,1
148,102,155,132,137,104,96,197,220,44,2
120,86,-15,106,123,81,85,-26,110,44,3
-8,-36,-14,-2,-7,-3,-31,-34,-45,-26,4
110,-28,131,116,119,82,-16,180,197,38,5
74,106,-13,0,102,54,77,-34,-35,12,1
144,73,126,107,112,135,81,156,177,34,2
126,86,-13,107,108,132,83,-26,125,30,3
-8,-34,-13,-1,-7,-2,-33,-34,-47,-26,4
108,-25,120,112,118,91,-4,153,192,42,5
94,100,-12,3,102,70,85,-29,-20,24,1
78,-30,156,119,110,66,-31,209,192,32,2
114,109,-7,110,120,84,94,-20,115,34,3
-5,-34,-13,-1,-6,-1,-10,-26,-40,-20,4
114,93,-15,114,117,87,85,-26,137,38,5
