-14,-34,112,103,125,103,1
64,39,-11,2,68,42,2
66,48,75,63,57,38,3
64,86,-13,124,132,108,4
-35,-37,-13,-2,-7,-7,5
39,23,35,39,31,24,6
75,99,-14,112,127,90,1
-37,-43,-15,-3,-8,-6,2
41,19,48,45,41,28,3
-27,-25,112,99,120,92,4
92,99,-13,0,112,69,5
64,70,135,112,122,99,6
-29,-27,123,102,122,102,1
77,106,-11,0,107,86,2
64,81,141,112,127,99,3
-20,-27,117,99,118,97,4
73,102,-14,0,106,82,5
110,138,136,123,122,96,6
81,106,-16,108,114,94,1
-31,-45,-16,-3,-9,-9,2
50,30,43,37,30,20,3
69,23,-1,108,112,85,4
-25,-45,-16,-3,-9,-8,5
41,18,25,22,19,14,6
-2,-27,109,93,113,92,1
71,102,-14,0,101,82,2
69,48,78,64,56,40,3
-10,-28,112,94,110,99,4
71,108,-12,-1,102,81,5
71,111,135,116,119,92,6
